[volumes]
system                         = 0.00000, 0.03981, 0.05012, 0.06310, 0.07943, 0.10000, 0.12589, 0.15849, 0.19953, 0.25119, 0.31623, 0.39811, 0.50119, 0.63096, 0.79433, 1.00000
notification                   = 0.00000, 0.03981, 0.05012, 0.06310, 0.07943, 0.10000, 0.12589, 0.15849, 0.19953, 0.25119, 0.31623, 0.39811, 0.50119, 0.63096, 0.79433, 1.00000
alarm                          = 0.00000, 0.00891, 0.01413, 0.02239, 0.03162, 0.03981, 0.05012, 0.06310, 0.08913, 0.12589, 0.17783, 0.25119, 0.35481, 0.50119, 0.70795, 1.00000
ringtone                       = 0.00000, 0.00891, 0.01413, 0.02239, 0.03162, 0.03981, 0.05012, 0.06310, 0.08913, 0.12589, 0.17783, 0.25119, 0.35481, 0.50119, 0.70795, 1.00000
media                          = 0.00000, 0.00891, 0.01413, 0.02239, 0.03162, 0.03981, 0.05012, 0.06310, 0.08913, 0.12589, 0.17783, 0.25119, 0.35481, 0.50119, 0.70795, 1.00000
call                           = 0.08913, 0.12589, 0.17783, 0.25119, 0.35481, 0.50119, 0.70795, 1.00000
voip                           = 0.08913, 0.12589, 0.17783, 0.25119, 0.35481, 0.50119, 0.70795, 1.00000
voice                          = 0.00000, 0.00891, 0.01413, 0.02239, 0.03162, 0.03981, 0.05012, 0.06310, 0.08913, 0.12589, 0.17783, 0.25119, 0.35481, 0.50119, 0.70795, 1.00000
gain                           = 0.10000, 0.90000, 0.69104, 1.00000, 1.00000, 1.00000, 1.00000, 0.79370, 0.96549
